URL_ALICE <- "http://127.0.0.1:55501"
URL_BOB <- "http://127.0.0.1:55502"
URL_CHARLIE <- "http://127.0.0.1:55503"

NODES <- c(URL_ALICE, URL_BOB, URL_CHARLIE)
TOKENS <- "387a7282-c380-44c9-aede-08da7e931931"  # unique identifier to match participants
